Cd   0.00000   0.00000   0.00000
Se   1.62000   1.62000   1.62000
Cd   0.00000   3.24000   3.24000
Cd   3.24000   0.00000   3.24000
Se   3.24000   3.24000   0.00000
Te   4.86000   4.86000   1.62000
Te   4.86000   1.62000   4.86000
Te   1.62000   4.86000   4.86000
Cd   0.00000   0.00000   6.48000
Te   1.62000   1.62000   8.10000
Cd   0.00000   3.24000   9.72000
Cd   3.24000   0.00000   9.72000
Cd   3.24000   3.24000   6.48000
Te   4.86000   4.86000   8.10000
Te   4.86000   1.62000  11.34000
Te   1.62000   4.86000  11.34000
Cd   0.00000   6.48000   0.00000
Te   1.62000   8.10000   1.62000
Cd   0.00000   9.72000   3.24000
Cd   3.24000   6.48000   3.24000
Cd   3.24000   9.72000   0.00000
Te   4.86000  11.34000   1.62000
Te   4.86000   8.10000   4.86000
Te   1.62000  11.34000   4.86000
Cd   0.00000   6.48000   6.48000
Te   1.62000   8.10000   8.10000
Cd   0.00000   9.72000   9.72000
Cd   3.24000   6.48000   9.72000
Cd   3.24000   9.72000   6.48000
Te   4.86000  11.34000   8.10000
Te   4.86000   8.10000  11.34000
Te   1.62000  11.34000  11.34000
Cd   6.48000   0.00000   0.00000
Te   8.10000   1.62000   1.62000
Cd   6.48000   3.24000   3.24000
Cd   9.72000   0.00000   3.24000
Cd   9.72000   3.24000   0.00000
Te  11.34000   4.86000   1.62000
Te  11.34000   1.62000   4.86000
Te   8.10000   4.86000   4.86000
Cd   6.48000   0.00000   6.48000
Te   8.10000   1.62000   8.10000
Cd   6.48000   3.24000   9.72000
Cd   9.72000   0.00000   9.72000
Cd   9.72000   3.24000   6.48000
Te  11.34000   4.86000   8.10000
Te  11.34000   1.62000  11.34000
Te   8.10000   4.86000  11.34000
Cd   6.48000   6.48000   0.00000
Te   8.10000   8.10000   1.62000
Cd   6.48000   9.72000   3.24000
Cd   9.72000   6.48000   3.24000
Cd   9.72000   9.72000   0.00000
Te  11.34000 

